1 3.942
1 1.893
1 1.911
1 1.902
1 1.898
1 1.911
1 1.900
1 1.903
1 1.902
1 1.907
1 3.924
1 1.780
1 1.778
1 1.786
1 1.780
1 1.784
1 1.799
1 1.783
1 1.824
1 1.860
1 3.869
1 1.873
1 2.021
1 1.785
1 1.777
1 1.789
1 1.786
1 1.771
1 1.816
1 1.803
1 3.869
1 1.796
1 1.967
1 1.827
1 1.838
1 2.039
1 1.838
1 1.805
1 1.808
1 1.867
1 3.883
1 1.793
1 1.852
1 1.972
1 1.811
1 1.780
1 1.815
1 1.864
1 1.852
1 1.805
1 4.101
1 2.020
1 1.936
1 1.939
1 1.947
1 1.967
1 2.004
1 1.998
1 1.967
1 2.021
1 3.868
1 1.798
1 1.793
1 1.941
1 1.875
1 1.864
1 1.827
1 1.978
1 1.959
1 1.850
1 3.833
1 1.794
1 1.949
1 1.842
1 1.878
1 1.843
1 1.822
1 1.807
1 1.821
1 1.791
