1 2.105
1 1.421
1 1.437
1 1.423
1 1.427
1 1.419
1 1.456
1 1.415
1 1.414
1 1.469
1 2.075
1 1.420
1 1.418
1 1.430
1 1.426
1 1.424
1 1.423
1 1.423
1 1.423
1 1.421
1 2.083
1 1.417
1 1.426
1 1.414
1 1.434
1 1.428
1 1.433
1 1.422
1 1.428
1 1.459
1 2.075
1 1.510
1 1.429
1 1.453
1 1.533
1 1.433
1 1.433
1 1.461
1 1.430
1 1.471
1 2.070
1 1.441
1 1.437
1 1.427
1 1.476
1 1.450
1 1.471
1 1.438
1 1.434
1 1.430
1 2.072
1 1.441
1 1.425
1 1.422
1 1.429
1 1.417
1 1.425
1 1.425
1 1.493
1 1.560
